admin@Air-admin prodject6 % ./Lab_3.1

x = 3
 B = 1.06865e+13
 A = 11
y = 1.06865e+13
